Version 0.1
<setup information>
0.005
20.0
box, 13.125, 1.0, 0.0, 3.75, 0.5, 0.5, 1.0,0.0,0.0,0.0
box, 9.375, 1.0, 0.0, 3.75, 0.5, 0.5, 1.0,0.0,0.0,0.0
box, 5.625, 1.0, 0.0, 3.75, 0.5, 0.5, 1.0,0.0,0.0,0.0
box, 1.875, 1.0, 0.0, 3.75, 0.5, 0.5, 1.0,0.0,0.0,0.0
box, -1.875, 1.0, 0.0, 3.75, 0.5, 0.5, 1.0,0.0,0.0,0.0
box, -5.625, 1.0, 0.0, 3.75, 0.5, 0.5, 1.0,0.0,0.0,0.0
box, -9.375, 1.0, 0.0, 3.75, 0.5, 0.5, 1.0,0.0,0.0,0.0
box, -13.125, 1.0, 0.0, 3.75, 0.5, 0.5, 1.0,0.0,0.0,0.0
sphere, 10.0, 1.0, 10.0, 1, 1.0,0.0,0.0,0.0
<\setup information>
13.1243593877, 1.0, 0.00353119130812, 9.37442181364, 1.0, -0.00641948444549, 5.6246209255, 1.0, 0.00306461577696, 1.87493768712, 1.0, 0.000644491084895, -1.87475412437, 1.0, -0.00223216227417, -5.62455973358, 1.0, 0.00563099896538, -9.37450933672, 1.0, -0.00757699501192, -13.1245166193, 1.0, 0.00335734459623, 10.0, 1.0, 10.0
0.999997802268, 0.0, 0.00209653484526, 0.0, 0.999988688992, 0.0, -0.00475624734733, 0.0, 0.999973448965, 0.0, 0.00728706837324, 0.0, 0.999968533826, 0.0, -0.00793292872791, 0.0, 0.999974334633, 0.0, 0.00716450098778, 0.0, 0.999987165471, 0.0, -0.00506644785962, 0.0, 0.999998812118, 0.0, 0.0015413510857, 0.0, 0.999999046092, 0.0, 0.00138123698608, 0.0, 1.0, 0.0, 0.0, 0.0
13.1221553034, 1.0, 0.00704984752526, 9.37245460804, 1.0, -0.0118241093592, 5.62332762883, 1.0, 0.00540358232995, 1.87467548483, 1.0, 0.000962013296621, -1.87399650806, 1.0, -0.00417572962869, -5.62310125856, 1.0, 0.0096812848625, -9.37278088974, 1.0, -0.0142157491472, -13.122735539, 1.0, 0.00711883832753, 10.0, 1.0, 10.0
0.99999368263, 0.0, 0.0035545323874, 0.0, 0.999963109116, 0.0, -0.00858955222637, 0.0, 0.999913113731, 0.0, 0.0131819948333, 0.0, 0.999896768601, 0.0, -0.0143684425439, 0.0, 0.999915525713, 0.0, 0.0129977474311, 0.0, 0.999956747113, 0.0, -0.0093007474454, 0.0, 0.999995706074, 0.0, 0.00293050048064, 0.0, 0.999996188197, 0.0, 0.00276108516631, 0.0, 1.0, 0.0, 0.0, 0.0
13.1195114395, 1.0, 0.010325529355, 9.37008479107, 1.0, -0.0160584682251, 5.62175472196, 1.0, 0.0072090543805, 1.87433667602, 1.0, 0.00080443032871, -1.87309795388, 1.0, -0.00604113035561, -5.62134361577, 1.0, 0.0125218887253, -9.37068501438, 1.0, -0.0196716780823, -13.1205664588, 1.0, 0.0109098076085, 10.0, 1.0, 10.0
0.999989525752, 0.0, 0.00457694066425, 0.0, 0.999932548911, 0.0, -0.0116145437954, 0.0, 0.999841228656, 0.0, 0.017819020174, 0.0, 0.999809284398, 0.0, -0.0195293325786, 0.0, 0.999843293978, 0.0, 0.017702753636, 0.0, 0.999918716471, 0.0, -0.0127499196497, 0.0, 0.999991320218, 0.0, 0.00416647187522, 0.0, 0.999992038428, 0.0, 0.00399037349611, 0.0, 1.0, 0.0, 0.0, 0.0
13.1168900329, 1.0, 0.0133609180615, 9.36772208919, 1.0, -0.0193702338156, 5.62016753875, 1.0, 0.00860852107541, 1.87397277372, 1.0, 0.000301768020707, -1.87221428677, 1.0, -0.00780556010749, -5.61958729979, 1.0, 0.0144277919961, -9.36858199986, 1.0, -0.0241934751683, -13.1183836233, 1.0, 0.0146679644049, 10.0, 1.0, 10.0
0.999986180362, 0.0, 0.00525728872952, 0.0, 0.999902166119, 0.0, -0.013987787205, 0.0, 0.999769910697, 0.0, 0.0214505399581, 0.0, 0.99971985908, 0.0, -0.0236686155461, 0.0, 0.999768743737, 0.0, 0.0215048610001, 0.0, 0.99987874689, 0.0, -0.0155721391451, 0.0, 0.999986095709, 0.0, 0.00527336605862, 0.0, 0.999987039514, 0.0, 0.00509124777931, 0.0, 1.0, 0.0, 0.0, 0.0
13.1144654671, 1.0, 0.0161574866213, 9.36552439511, 1.0, -0.0219554108345, 5.61866957613, 1.0, 0.00970265266112, 1.87360185072, 1.0, -0.000437913275562, -1.87141138581, 1.0, -0.00944949252437, -5.61795213025, 1.0, 0.0156070318422, -9.3666071142, 1.0, -0.0279795955624, -13.1163219321, 1.0, 0.0183493183052, 10.0, 1.0, 10.0
0.999983933212, 0.0, 0.0056686258053, 0.0, 0.999874623884, 0.0, -0.0158346617423, 0.0, 0.99970518421, 0.0, 0.024280540856, 0.0, 0.999635747174, 0.0, -0.0269883858817, 0.0, 0.999697798691, 0.0, 0.0245827437956, 0.0, 0.999839855875, 0.0, -0.0178958823286, 0.0, 0.999980332749, 0.0, 0.00627169164612, 0.0, 0.999981491577, 0.0, 0.00608411896208, 0.0, 1.0, 0.0, 0.0, 0.0
13.1123271359, 1.0, 0.0187189865985, 9.36357300904, 1.0, -0.0239686980352, 5.61731608213, 1.0, 0.0105711270055, 1.87323728856, 1.0, -0.00133133850585, -1.87072024309, 1.0, -0.0109611265596, -5.61649956577, 1.0, 0.0162233622071, -9.36483335657, 1.0, -0.0311872615418, -13.1144571333, 1.0, 0.0219230086447, 10.0, 1.0, 10.0
0.999982775943, 0.0, 0.00586922631137, 0.0, 0.999851110683, 0.0, -0.0172556213036, 0.0, 0.999649560297, 0.0, 0.0264718075902, 0.0, 0.999560330242, 0.0, -0.0296503997642, 0.0, 0.999633291559, 0.0, 0.0270791876944, 0.0, 0.99980349418, 0.0, -0.0198235472283, 0.0, 0.999974235414, 0.0, 0.00717833607687, 0.0, 0.999975599193, 0.0, 0.00698577254325, 0.0, 1.0, 0.0, 0.0, 0.0
13.1104993863, 1.0, 0.0210528191513, 9.36189137502, 1.0, -0.0255324821409, 5.61612501042, 1.0, 0.0112757421194, 1.87288593144, 1.0, -0.00231578292667, -1.87014877526, 1.0, -0.0123349842786, -5.61524816232, 1.0, 0.0164055645754, -9.36328372413, 1.0, -0.0339408307053, -13.112814013, 1.0, 0.0253693127329, 10.0, 1.0, 10.0
0.999982563712, 0.0, 0.00590527486798, 0.0, 0.999831965437, 0.0, -0.0183314181432, 0.0, 0.999603594081, 0.0, 0.0281541240287, 0.0, 0.999494756949, 0.0, -0.0317841286176, 0.0, 0.999576259372, 0.0, 0.0291084472239, 0.0, 0.999770209637, 0.0, -0.0214366023825, 0.0, 0.999967941018, 0.0, 0.00800730513107, 0.0, 0.999969500726, 0.0, 0.00781009713471, 0.0, 1.0, 0.0, 0.0, 0.0
13.1089714611, 1.0, 0.0231699101607, 9.36047157449, 1.0, -0.0267434183671, 5.61509382903, 1.0, 0.0118636996351, 1.87255063412, 1.0, -0.00334526321928, -1.86969251402, 1.0, -0.0135708283495, -5.61419309503, 1.0, 0.0162544820621, -9.3619538497, 1.0, -0.0363383459077, -13.1113893155, 1.0, 0.0286776851135, 10.0, 1.0, 10.0
0.999983103275, 0.0, 0.00581318889836, 0.0, 0.99981705965, 0.0, -0.0191271334184, 0.0, 0.999566817218, 0.0, 0.0294309007178, 0.0, 0.999438943492, 0.0, -0.0334932565024, 0.0, 0.999526736756, 0.0, 0.0307620303418, 0.0, 0.999740051134, 0.0, -0.0227997841801, 0.0, 0.999961540012, 0.0, 0.00877031905378, 0.0, 0.999963288035, 0.0, 0.00856869782564, 0.0, 1.0, 0.0, 0.0, 0.0
13.1077160172, 1.0, 0.0250840842312, 9.35929071495, 1.0, -0.0276776141022, 5.61420999356, 1.0, 0.0123704911972, 1.87223201478, 1.0, -0.00438718165806, -1.86934110258, 1.0, -0.0146725927415, -5.61331822671, 1.0, 0.0158486327553, -9.36082613942, 1.0, -0.038456829983, -13.1101661789, 1.0, 0.0318448947381, 10.0, 1.0, 10.0
0.999984198914, 0.0, 0.00562155864782, 0.0, 0.999806028215, 0.0, -0.0196953280177, 0.0, 0.999538285744, 0.0, 0.030384458727, 0.0, 0.999392176245, 0.0, -0.0348608384779, 0.0, 0.999484236384, 0.0, 0.0321132561393, 0.0, 0.99971281127, 0.0, -0.0239644524647, 0.0, 0.999955089708, 0.0, 0.00947726583153, 0.0, 0.999957020042, 0.0, 0.00927135747352, 0.0, 1.0, 0.0, 0.0, 0.0
13.1067045273, 1.0, 0.0269178093812, 9.35831892985, 1.0, -0.0285317107089, 5.61345508938, 1.0, 0.0127945668795, 1.8719293902, 1.0, -0.00540186967919, -1.86908277488, 1.0, -0.0156233882965, -5.61260348468, 1.0, 0.0152641103774, -9.35987797036, 1.0, -0.0403516292247, -13.1091225782, 1.0, 0.0348696297645, 10.0, 1.0, 10.0
0.999986123476, 0.0, 0.00526809790164, 0.0, 0.999798795357, 0.0, -0.0200591326283, 0.0, 0.999516591907, 0.0, 0.0310899099802, 0.0, 0.999353560188, 0.0, -0.0359508239052, 0.0, 0.999448057123, 0.0, 0.033220191335, 0.0, 0.999688131998, 0.0, -0.0249727600057, 0.0, 0.999948636625, 0.0, 0.0101352903956, 0.0, 0.999950742737, 0.0, 0.00992532621384, 0.0, 1.0, 0.0, 0.0, 0.0
13.1058857649, 1.0, 0.0284358212005, 9.35752864177, 1.0, -0.0289754153338, 5.61281673359, 1.0, 0.0131926507254, 1.87164146558, 1.0, -0.00645237542263, -1.86890247199, 1.0, -0.0165027560045, -5.61202474694, 1.0, 0.0145168087287, -9.35908337588, 1.0, -0.0420703851107, -13.108232482, 1.0, 0.0377747942359, 10.0, 1.0, 10.0
0.999987487819, 0.0, 0.00500242003239, 0.0, 0.999793610199, 0.0, -0.0203159298538, 0.0, 0.999501482316, 0.0, 0.0315719313259, 0.0, 0.999321895635, 0.0, -0.0368204957225, 0.0, 0.999417236242, 0.0, 0.0341348488018, 0.0, 0.999665786147, 0.0, -0.025851808574, 0.0, 0.999942169621, 0.0, 0.0107544137255, 0.0, 0.999944458153, 0.0, 0.0105394785614, 0.0, 1.0, 0.0, 0.0, 0.0
13.1052316145, 1.0, 0.02956233389, 9.35689180725, 1.0, -0.0290408213013, 5.61227466738, 1.0, 0.013675939036, 1.87136615892, 1.0, -0.00746792873725, -1.8687875969, 1.0, -0.0173235676008, -5.61156232416, 1.0, 0.0136058551756, -9.35841945751, 1.0, -0.0436801321365, -13.1074723355, 1.0, 0.0405674684054, 10.0, 1.0, 10.0
0.999988294961, 0.0, 0.00483838204876, 0.0, 0.99979047629, 0.0, -0.0204695754654, 0.0, 0.999491941641, 0.0, 0.0318725366887, 0.0, 0.999295812967, 0.0, -0.0375217028858, 0.0, 0.999391236776, 0.0, 0.0348877608316, 0.0, 0.999645400475, 0.0, -0.0266284304688, 0.0, 0.999935657296, 0.0, 0.0113437766622, 0.0, 0.999938124199, 0.0, 0.0111241976274, 0.0, 1.0, 0.0, 0.0, 0.0
13.1047700387, 1.0, 0.0303583839377, 9.35640174882, 1.0, -0.0291149614908, 5.61179969929, 1.0, 0.0145008465766, 1.87108791544, 1.0, -0.0083274058121, -1.86873886355, 1.0, -0.0180652476502, -5.61121038864, 1.0, 0.0125448818527, -9.3578770529, 1.0, -0.0452409046659, -13.1068328085, 1.0, 0.0432223997456, 10.0, 1.0, 10.0
0.999989885302, 0.0, 0.00449769872857, 0.0, 0.999792698221, 0.0, -0.0203607608792, 0.0, 0.999487727882, 0.0, 0.0320044030427, 0.0, 0.999273799412, 0.0, -0.0381034618907, 0.0, 0.999369649545, 0.0, 0.0355007544612, 0.0, 0.999626561192, 0.0, -0.0273265101922, 0.0, 0.999929102606, 0.0, 0.0119075506485, 0.0, 0.999931732718, 0.0, 0.0116846011338, 0.0, 1.0, 0.0, 0.0, 0.0
13.1043965503, 1.0, 0.0312397586475, 9.35599574349, 1.0, -0.029342840398, 5.61139740427, 1.0, 0.0150888071092, 1.87083510615, 1.0, -0.00903819598465, -1.86873061325, 1.0, -0.0185587145335, -5.61093427575, 1.0, 0.0115055506176, -9.35741934408, 1.0, -0.0467264950972, -13.1062801316, 1.0, 0.0456884705507, 10.0, 1.0, 10.0
0.999991674497, 0.0, 0.00408055592762, 0.0, 0.999795134607, 0.0, -0.0202407711425, 0.0, 0.99948462329, 0.0, 0.0321012119161, 0.0, 0.99925678953, 0.0, -0.0385469658684, 0.0, 0.999351671954, 0.0, 0.0360032743347, 0.0, 0.999608664586, 0.0, -0.0279735175515, 0.0, 0.999922679867, 0.0, 0.0124352035477, 0.0, 0.999925444621, 0.0, 0.0122108639814, 0.0, 1.0, 0.0, 0.0, 0.0
13.1041388828, 1.0, 0.0328701100269, 9.35571620535, 1.0, -0.0296099253306, 5.61109819177, 1.0, 0.014772551739, 1.87058035298, 1.0, -0.0103100424976, -1.86879854949, 1.0, -0.018807568668, -5.61074583823, 1.0, 0.0107712383308, -9.35705754435, 1.0, -0.0479163061265, -13.1058281994, 1.0, 0.0480643136628, 10.0, 1.0, 10.0
0.999993772588, 0.0, 0.00352913391425, 0.0, 0.999795996285, 0.0, -0.0201981635751, 0.0, 0.999486508649, 0.0, 0.0320424566514, 0.0, 0.999249155398, 0.0, -0.0387443600521, 0.0, 0.99933454533, 0.0, 0.0364755604562, 0.0, 0.999591719027, 0.0, -0.0285726311663, 0.0, 0.999916608615, 0.0, 0.0129141711642, 0.0, 0.999919556086, 0.0, 0.01268390152, 0.0, 1.0, 0.0, 0.0, 0.0
13.1039125044, 1.0, 0.035101746824, 9.35547413006, 1.0, -0.0300276997742, 5.61083991419, 1.0, 0.0140516270845, 1.87034487068, 1.0, -0.0118160269805, -1.86887667706, 1.0, -0.0192330199003, -5.61059382986, 1.0, 0.00998716425103, -9.35674604588, 1.0, -0.0488797712546, -13.1054255237, 1.0, 0.0506275278577, 10.0, 1.0, 10.0
0.999995978002, 0.0, 0.00283619096221, 0.0, 0.999795749984, 0.0, -0.0202103516438, 0.0, 0.999488671454, 0.0, 0.0319749219791, 0.0, 0.999243612808, 0.0, -0.0388870449188, 0.0, 0.999318770515, 0.0, 0.0369052150213, 0.0, 0.999576535957, 0.0, -0.029098947804, 0.0, 0.999910322812, 0.0, 0.0133920250301, 0.0, 0.999913570585, 0.0, 0.0131472948014, 0.0, 1.0, 0.0, 0.0, 0.0
13.1037592972, 1.0, 0.0369020921336, 9.35528825245, 1.0, -0.0300805026364, 5.61059020726, 1.0, 0.0138421365584, 1.8701004456, 1.0, -0.0133154888896, -1.86897158652, 1.0, -0.0199809212774, -5.6104849969, 1.0, 0.00886510432435, -9.35648293898, 1.0, -0.0498426716805, -13.1050612544, 1.0, 0.0533978189776, 10.0, 1.0, 10.0
0.999997572176, 0.0, 0.0022035520259, 0.0, 0.999798603864, 0.0, -0.020068674899, 0.0, 0.999494462084, 0.0, 0.0317933996786, 0.0, 0.999237234174, 0.0, -0.039050606143, 0.0, 0.99930531936, 0.0, 0.0372676629058, 0.0, 0.999562920306, 0.0, -0.0295629556791, 0.0, 0.999903433657, 0.0, 0.0138968831152, 0.0, 0.999906999346, 0.0, 0.0136379125916, 0.0, 1.0, 0.0, 0.0, 0.0
13.1036483489, 1.0, 0.0382433908956, 9.35513418759, 1.0, -0.030020343982, 5.61035462728, 1.0, 0.0140353880142, 1.86986806332, 1.0, -0.0144950966368, -1.86907591651, 1.0, -0.0207561579545, -5.61041365781, 1.0, 0.00749801101936, -9.35625950816, 1.0, -0.0509129345963, -13.1047302816, 1.0, 0.05617063004, 10.0, 1.0, 10.0
0.999998669379, 0.0, 0.00163133084443, 0.0, 0.999803205196, 0.0, -0.0198381168399, 0.0, 0.999500636792, 0.0, 0.0315986875182, 0.0, 0.999230535925, 0.0, -0.0392216276457, 0.0, 0.999294849242, 0.0, 0.037547360472, 0.0, 0.999549878051, 0.0, -0.0300006881167, 0.0, 0.999896134635, 0.0, 0.0144124925882, 0.0, 0.999899931759, 0.0, 0.0141466062751, 0.0, 1.0, 0.0, 0.0, 0.0
13.1035641146, 1.0, 0.0391933106348, 9.35500028469, 1.0, -0.0299586875538, 5.61013106749, 1.0, 0.0144968659472, 1.86964622084, 1.0, -0.0153537336157, -1.86918961651, 1.0, -0.0214062176787, -5.61036957359, 1.0, 0.00605657653195, -9.35606331533, 1.0, -0.0520679872071, -13.1044247405, 1.0, 0.0587778597007, 10.0, 1.0, 10.0
0.999999399738, 0.0, 0.00109568403397, 0.0, 0.999809094586, 0.0, -0.0195390476652, 0.0, 0.99950669585, 0.0, 0.0314064476077, 0.0, 0.999224241993, 0.0, -0.039381648171, 0.0, 0.999286710057, 0.0, 0.0377633566141, 0.0, 0.999536962462, 0.0, -0.03042795873, 0.0, 0.999888761625, 0.0, 0.0149152397449, 0.0, 0.999892727429, 0.0, 0.0146469667624, 0.0, 1.0, 0.0, 0.0, 0.0
13.1035405406, 1.0, 0.0395944103994, 9.35492138327, 1.0, -0.0301113216305, 5.60996482048, 1.0, 0.0151261330123, 1.86946011835, 1.0, -0.0154816663375, -1.86934037891, 1.0, -0.0214623278079, -5.61039464032, 1.0, 0.00455016717557, -9.35592807238, 1.0, -0.0534856850077, -13.1041802965, 1.0, 0.0609836536619, 10.0, 1.0, 10.0
0.999999827266, 0.0, 0.000587765339672, 0.0, 0.999816100583, 0.0, -0.0191772003725, 0.0, 0.999511438434, 0.0, 0.0312551505937, 0.0, 0.999222299588, 0.0, -0.03943090166, 0.0, 0.999284117845, 0.0, 0.0378318889756, 0.0, 0.999522934228, 0.0, -0.0308853355402, 0.0, 0.999881510333, 0.0, 0.0153936770837, 0.0, 0.99988548038, 0.0, 0.0151336091289, 0.0, 1.0, 0.0, 0.0, 0.0
13.1035368628, 1.0, 0.0393489161701, 9.35485237896, 1.0, -0.0303456289062, 5.60980182487, 1.0, 0.0160985546862, 1.86927900109, 1.0, -0.0151384573129, -1.86949911018, 1.0, -0.0211304733238, -5.61043175193, 1.0, 0.00323722902828, -9.35580532576, 1.0, -0.0550189088199, -13.1039593429, 1.0, 0.06263921084, 10.0, 1.0, 10.0
0.999999989597, 0.0, 0.000144243939987, 0.0, 0.999824566489, 0.0, -0.0187306232032, 0.0, 0.99951534723, 0.0, 0.0311298996389, 0.0, 0.999220584835, 0.0, -0.039474331423, 0.0, 0.999282584447, 0.0, 0.0378723701434, 0.0, 0.999508018271, 0.0, -0.0313643334427, 0.0, 0.99987495316, 0.0, 0.0158138560671, 0.0, 0.999878871532, 0.0, 0.0155641339196, 0.0, 1.0, 0.0, 0.0, 0.0
13.1035369154, 1.0, 0.0386173409206, 9.35478148117, 1.0, -0.0306106207372, 5.60963384336, 1.0, 0.0173414189616, 1.86909838358, 1.0, -0.0144797303482, -1.86965983305, 1.0, -0.0205530118582, -5.61047037734, 1.0, 0.00207638913446, -9.35568354643, 1.0, -0.0566036725421, -13.1037476065, 1.0, 0.0638815880924, 10.0, 1.0, 10.0
0.999999970006, 0.0, -0.000244923555416, 0.0, 0.999834054567, 0.0, -0.018217116377, 0.0, 0.999518821086, 0.0, 0.0310181607337, 0.0, 0.999218822709, 0.0, -0.0395189112112, 0.0, 0.999281717614, 0.0, 0.0378952351011, 0.0, 0.999492624112, 0.0, -0.0318511278655, 0.0, 0.999868974789, 0.0, 0.0161874412627, 0.0, 0.999872869339, 0.0, 0.0159450669136, 0.0, 1.0, 0.0, 0.0, 0.0
13.103542678, 1.0, 0.0375315098366, 9.35471241671, 1.0, -0.0308918917247, 5.60946489633, 1.0, 0.0187901240875, 1.86891945751, 1.0, -0.0135924701416, -1.86982263566, 1.0, -0.0198133395201, -5.61051334853, 1.0, 0.00101376307037, -9.35556706889, 1.0, -0.058220989495, -13.1035475803, 1.0, 0.0648346952403, 10.0, 1.0, 10.0
0.999999823232, 0.0, -0.000594589231949, 0.0, 0.999844175289, 0.0, -0.0176529074157, 0.0, 0.999522014876, 0.0, 0.0309150736342, 0.0, 0.999216958796, 0.0, -0.0395660113532, 0.0, 0.999281427662, 0.0, 0.0379028802317, 0.0, 0.999476928074, 0.0, -0.0323399172471, 0.0, 0.999863402824, 0.0, 0.0165280274948, 0.0, 0.99986730133, 0.0, 0.0162904797563, 0.0, 1.0, 0.0, 0.0, 0.0
13.1036169869, 1.0, 0.0367543908022, 9.35471982992, 1.0, -0.0310227959154, 5.60934666724, 1.0, 0.0197421186054, 1.86871691975, 1.0, -0.0132038217145, -1.87003908668, 1.0, -0.0188947153698, -5.61059646905, 1.0, 0.00027642936326, -9.35549278418, 1.0, -0.0596602654633, -13.1033981121, 1.0, 0.0656442801497, 10.0, 1.0, 10.0
0.99999954056, 0.0, -0.000958582582686, 0.0, 0.999853452192, 0.0, -0.0171194082995, 0.0, 0.999529656404, 0.0, 0.0306670175928, 0.0, 0.999220789685, 0.0, -0.0394691456894, 0.0, 0.999279661015, 0.0, 0.0379494279613, 0.0, 0.999461077046, 0.0, -0.0328261400456, 0.0, 0.999858391049, 0.0, 0.0168284832573, 0.0, 0.999862360186, 0.0, 0.0165909820155, 0.0, 1.0, 0.0, 0.0, 0.0
13.1036994738, 1.0, 0.0364223224015, 9.35474368144, 1.0, -0.0311424653784, 5.60924274527, 1.0, 0.0203907870973, 1.86851162985, 1.0, -0.0131707196699, -1.87026140263, 1.0, -0.0181599669873, -5.61068893834, 1.0, -0.000417147220741, -9.35543629309, 1.0, -0.0609134660652, -13.1032672569, 1.0, 0.0666124580858, 10.0, 1.0, 10.0
0.999999035546, 0.0, -0.0013888506914, 0.0, 0.999861680844, 0.0, -0.0166318724032, 0.0, 0.999538284137, 0.0, 0.0303845115803, 0.0, 0.999225432001, 0.0, -0.039351442691, 0.0, 0.999277048834, 0.0, 0.0380181492656, 0.0, 0.999446172479, 0.0, -0.0332768435647, 0.0, 0.999853274579, 0.0, 0.0171297785805, 0.0, 0.999857470572, 0.0, 0.0168830844792, 0.0, 1.0, 0.0, 0.0, 0.0
13.1037750195, 1.0, 0.0363740689915, 9.35476783847, 1.0, -0.0312036879004, 5.60913980777, 1.0, 0.0209137296696, 1.86830417345, 1.0, -0.0133656233605, -1.87048324371, 1.0, -0.0176523169754, -5.61078542583, 1.0, -0.00121382821693, -9.355385749, 1.0, -0.0620705653083, -13.103135193, 1.0, 0.0678274589804, 10.0, 1.0, 10.0
0.999998276516, 0.0, -0.00185660063794, 0.0, 0.999869302776, 0.0, -0.0161671693961, 0.0, 0.999547630585, 0.0, 0.0300754749315, 0.0, 0.999230045141, 0.0, -0.0392341291125, 0.0, 0.999274377357, 0.0, 0.0380883021029, 0.0, 0.999432143155, 0.0, -0.0336955668888, 0.0, 0.999847704365, 0.0, 0.0174518788773, 0.0, 0.999852172238, 0.0, 0.0171940010093, 0.0, 1.0, 0.0, 0.0, 0.0
13.1038486401, 1.0, 0.0365447456489, 9.3547954976, 1.0, -0.0311979148555, 5.6090390815, 1.0, 0.0213579040892, 1.86809557539, 1.0, -0.0137447285754, -1.87070570206, 1.0, -0.0173551127217, -5.61088920065, 1.0, -0.00212608620753, -9.35534476058, 1.0, -0.0631571414201, -13.1030054942, 1.0, 0.0692757102179, 10.0, 1.0, 10.0
0.999997239245, 0.0, -0.00234978780283, 0.0, 0.999876469237, 0.0, -0.0157177055097, 0.0, 0.999557587935, 0.0, 0.0297427033243, 0.0, 0.999234476929, 0.0, -0.0391210955528, 0.0, 0.999271796106, 0.0, 0.0381559629364, 0.0, 0.999418891865, 0.0, -0.0340863401395, 0.0, 0.999841645306, 0.0, 0.017795626217, 0.0, 0.999846398712, 0.0, 0.0175265222507, 0.0, 1.0, 0.0, 0.0, 0.0
13.1039193475, 1.0, 0.0368969916525, 9.35482536216, 1.0, -0.031129946974, 5.60893958744, 1.0, 0.0217404008146, 1.86788572346, 1.0, -0.0142811056186, -1.87092882581, 1.0, -0.0172419046121, -5.61099964251, 1.0, -0.0031404616149, -9.35531225151, 1.0, -0.0641836040852, -13.1028774757, 1.0, 0.0709254291415, 10.0, 1.0, 10.0
0.999995901859, 0.0, -0.00286291189451, 0.0, 0.999883251015, 0.0, -0.0152801943677, 0.0, 0.999568055857, 0.0, 0.0293888024623, 0.0, 0.999238725671, 0.0, -0.039012422634, 0.0, 0.999269314552, 0.0, 0.0382208973504, 0.0, 0.999406336562, 0.0, -0.0344524954159, 0.0, 0.999835129047, 0.0, 0.018158048442, 0.0, 0.999840174763, 0.0, 0.0178780572239, 0.0, 1.0, 0.0, 0.0, 0.0
13.1039863821, 1.0, 0.0374028147975, 9.35485648123, 1.0, -0.0310065714892, 5.60884073088, 1.0, 0.0220709136832, 1.86767453156, 1.0, -0.0149538324166, -1.87115273747, 1.0, -0.0172875006446, -5.61111618232, 1.0, -0.00424050435919, -9.35528740404, 1.0, -0.0651564215803, -13.1027509123, 1.0, 0.0727452705482, 10.0, 1.0, 10.0
0.999994245805, 0.0, -0.00339239704048, 0.0, 0.999889695118, 0.0, -0.0148525283121, 0.0, 0.999578945046, 0.0, 0.0290160752255, 0.0, 0.999242818875, 0.0, -0.0389074404962, 0.0, 0.999266916898, 0.0, 0.0382835316223, 0.0, 0.999394407437, 0.0, -0.0347968157244, 0.0, 0.99982819675, 0.0, 0.0185358297175, 0.0, 0.999833540285, 0.0, 0.0182453205143, 0.0, 1.0, 0.0, 0.0, 0.0
13.1040826511, 1.0, 0.0380828122903, 9.35491994817, 1.0, -0.0306704356911, 5.6087730199, 1.0, 0.0225787615372, 1.86750640777, 1.0, -0.015679790812, -1.87135439333, 1.0, -0.0180193230537, -5.61128169915, 1.0, -0.00595480785748, -9.35533657472, 1.0, -0.0659517520356, -13.1026793006, 1.0, 0.07517676397, 10.0, 1.0, 10.0
0.999992322363, 0.0, -0.00391857300086, 0.0, 0.99989604719, 0.0, -0.0144185579359, 0.0, 0.999590189994, 0.0, 0.0286260732122, 0.0, 0.999245100338, 0.0, -0.0388488024299, 0.0, 0.99926927736, 0.0, 0.0382218697028, 0.0, 0.999387413774, 0.0, -0.03499710259, 0.0, 0.999819797588, 0.0, 0.018983475764, 0.0, 0.999825869502, 0.0, 0.0186609398342, 0.0, 1.0, 0.0, 0.0, 0.0
13.1041414743, 1.0, 0.0390602727515, 9.35495329136, 1.0, -0.0303281729115, 5.60867057275, 1.0, 0.022789546987, 1.86728632917, 1.0, -0.0167887391342, -1.87158251101, 1.0, -0.0185944039674, -5.61141482808, 1.0, -0.00741958370602, -9.35532731098, 1.0, -0.0668458613648, -13.1025421715, 1.0, 0.0776764022145, 10.0, 1.0, 10.0
0.999989947672, 0.0, -0.00448381042445, 0.0, 0.999901682802, 0.0, -0.0140222940469, 0.0, 0.999602413996, 0.0, 0.0281959914316, 0.0, 0.99924823842, 0.0, -0.0387680024497, 0.0, 0.99926680461, 0.0, 0.0382864624144, 0.0, 0.999376770979, 0.0, -0.035299711443, 0.0, 0.999811132074, 0.0, 0.0194345100394, 0.0, 0.999817348813, 0.0, 0.0191120122449, 0.0, 1.0, 0.0, 0.0, 0.0
13.1041819126, 1.0, 0.040118823574, 9.35497599392, 1.0, -0.030057411822, 5.60856388543, 1.0, 0.0228659508736, 1.86706067327, 1.0, -0.0179541765784, -1.87181255146, 1.0, -0.019073420999, -5.61154064802, 1.0, -0.00870698726535, -9.35531037881, 1.0, -0.0676638211987, -13.1024015854, 1.0, 0.0800066022825, 10.0, 1.0, 10.0
0.999987121391, 0.0, -0.00507514060926, 0.0, 0.999906965497, 0.0, -0.0136403940861, 0.0, 0.99961455753, 0.0, 0.0277621392248, 0.0, 0.999252188691, 0.0, -0.0386660496686, 0.0, 0.999263713814, 0.0, 0.0383670464552, 0.0, 0.999366240006, 0.0, -0.0355966056817, 0.0, 0.999802837264, 0.0, 0.0198566512644, 0.0, 0.999809266591, 0.0, 0.0195302442057, 0.0, 1.0, 0.0, 0.0, 0.0
13.1042567351, 1.0, 0.0412167160451, 9.3550341042, 1.0, -0.0296217627717, 5.60849166889, 1.0, 0.0231575619915, 1.86688049026, 1.0, -0.0190667936317, -1.872021595, 1.0, -0.020101498179, -5.6117166209, 1.0, -0.0105031196684, -9.35537103243, 1.0, -0.0683198421035, -13.1023257715, 1.0, 0.0827595051535, 10.0, 1.0, 10.0
0.99998403273, 0.0, -0.00565104284774, 0.0, 0.999912326703, 0.0, -0.0132415598471, 0.0, 0.999626657224, 0.0, 0.0273229970224, 0.0, 0.999254590642, 0.0, -0.0386039257261, 0.0, 0.999265295972, 0.0, 0.0383258172136, 0.0, 0.999360402512, 0.0, -0.035760115914, 0.0, 0.999793390058, 0.0, 0.0203267606196, 0.0, 0.999800533946, 0.0, 0.0199722888201, 0.0, 1.0, 0.0, 0.0, 0.0
13.1042939046, 1.0, 0.0424939655932, 9.35506055508, 1.0, -0.0291998075775, 5.60838423936, 1.0, 0.0232103620048, 1.86665054878, 1.0, -0.0204679247674, -1.87225646808, 1.0, -0.0209001293571, -5.61185976235, 1.0, -0.0120119531324, -9.35537289889, 1.0, -0.069090852269, -13.1021870587, 1.0, 0.0854712246284, 10.0, 1.0, 10.0
0.99998045886, 0.0, -0.00625155166954, 0.0, 0.999917193278, 0.0, -0.012868822325, 0.0, 0.999639395812, 0.0, 0.0268529019117, 0.0, 0.999257865504, 0.0, -0.038519063175, 0.0, 0.999262272403, 0.0, 0.0384045694217, 0.0, 0.999350748467, 0.0, -0.0360288986458, 0.0, 0.999783888765, 0.0, 0.0207888375371, 0.0, 0.999791156068, 0.0, 0.0204363462353, 0.0, 1.0, 0.0, 0.0, 0.0
13.1043470093, 1.0, 0.0438124559662, 9.35510791651, 1.0, -0.0286954545337, 5.60830387138, 1.0, 0.0233944715302, 1.86646136446, 1.0, -0.0217957748439, -1.87246936524, 1.0, -0.0221033594742, -5.61203965662, 1.0, -0.0138660994155, -9.35543536902, 1.0, -0.0696738222516, -13.1021007853, 1.0, 0.0884153378169, 10.0, 1.0, 10.0
0.999976537972, 0.0, -0.00685007333552, 0.0, 0.999922027671, 0.0, -0.0124875369172, 0.0, 0.99965186871, 0.0, 0.0263844913747, 0.0, 0.999260266319, 0.0, -0.0384567309607, 0.0, 0.999263478606, 0.0, 0.03837317193, 0.0, 0.999345609414, 0.0, -0.0361711617945, 0.0, 0.999773703126, 0.0, 0.0212730471969, 0.0, 0.999781652084, 0.0, 0.0208961277596, 0.0, 1.0, 0.0, 0.0, 0.0
13.1043677739, 1.0, 0.0452578255947, 9.3551277401, 1.0, -0.0282305052676, 5.60819169107, 1.0, 0.0233476235219, 1.86622392489, 1.0, -0.0233696193058, -1.87270955753, 1.0, -0.0230113474454, -5.61218834223, 1.0, -0.0153769719263, -9.35544277224, 1.0, -0.0703749156818, -13.1019598721, 1.0, 0.0912273743555, 10.0, 1.0, 10.0
0.999972100532, 0.0, -0.00746981648998, 0.0, 0.999926442343, 0.0, -0.0121288871222, 0.0, 0.99966478619, 0.0, 0.0258904470976, 0.0, 0.999263696548, 0.0, -0.0383674961514, 0.0, 0.999259973731, 0.0, 0.0384643328199, 0.0, 0.999336435186, 0.0, -0.0364237465137, 0.0, 0.999763696446, 0.0, 0.0217382443917, 0.0, 0.999771734647, 0.0, 0.0213653598405, 0.0, 1.0, 0.0, 0.0, 0.0
13.1044047116, 1.0, 0.0466939862942, 9.35516815512, 1.0, -0.0276935760975, 5.60810689627, 1.0, 0.023455013884, 1.86602849905, 1.0, -0.0248294341492, -1.87292717916, 1.0, -0.0242891067818, -5.61237362738, 1.0, -0.017212940323, -9.35551118549, 1.0, -0.0708944451897, -13.1018735245, 1.0, 0.0942204500773, 10.0, 1.0, 10.0
0.999967341852, 0.0, -0.00808178378797, 0.0, 0.999930885318, 0.0, -0.0117568952746, 0.0, 0.999677313768, 0.0, 0.0254021325224, 0.0, 0.999266283921, 0.0, -0.038300049845, 0.0, 0.999260790643, 0.0, 0.0384431044903, 0.0, 0.999331774391, 0.0, -0.036551397965, 0.0, 0.999753104017, 0.0, 0.0222200587011, 0.0, 0.999761831827, 0.0, 0.0218238315133, 0.0, 1.0, 0.0, 0.0, 0.0
13.1044093518, 1.0, 0.048220820869, 9.35518057671, 1.0, -0.0271998252363, 5.60799016993, 1.0, 0.0233515310101, 1.86578564296, 1.0, -0.0265064190918, -1.87317179133, 1.0, -0.0252530385286, -5.61252753934, 1.0, -0.0186990896968, -9.35552445565, 1.0, -0.071538289656, -13.101733501, 1.0, 0.0970537001764, 10.0, 1.0, 10.0
0.999962066551, 0.0, -0.00871007801572, 0.0, 0.999934974482, 0.0, -0.0114038067242, 0.0, 0.999690175447, 0.0, 0.0248908239173, 0.0, 0.999269885637, 0.0, -0.0382059636638, 0.0, 0.999256980439, 0.0, 0.0385420166015, 0.0, 0.999323012984, 0.0, -0.0367901579218, 0.0, 0.999742771047, 0.0, 0.0226802058894, 0.0, 0.999751578109, 0.0, 0.0222886084917, 0.0, 1.0, 0.0, 0.0, 0.0
13.10443014, 1.0, 0.0497151094932, 9.35521323412, 1.0, -0.0266386073148, 5.60790072322, 1.0, 0.0234115131865, 1.86558491713, 1.0, -0.0280524245032, -1.87339382133, 1.0, -0.0265665887677, -5.61271764687, 1.0, -0.0204985339725, -9.35559833623, 1.0, -0.072007271758, -13.1016484793, 1.0, 0.100044528748, 10.0, 1.0, 10.0
0.999956496784, 0.0, -0.00932762239535, 0.0, 0.999939109066, 0.0, -0.0110353142775, 0.0, 0.999702595589, 0.0, 0.0243868893768, 0.0, 0.999272665289, 0.0, -0.038133192964, 0.0, 0.99925748388, 0.0, 0.0385289619585, 0.0, 0.999318717635, 0.0, -0.036906646887, 0.0, 0.999731895536, 0.0, 0.0231546333857, 0.0, 0.999741403108, 0.0, 0.0227404246054, 0.0, 1.0, 0.0, 0.0, 0.0
13.1044192922, 1.0, 0.0512843784578, 9.35521831642, 1.0, -0.0261193933243, 5.60778008587, 1.0, 0.0232744818913, 1.86533841816, 1.0, -0.0297995251512, -1.87364200075, 1.0, -0.0275699762833, -5.61287720227, 1.0, -0.0219573432464, -9.35561859081, 1.0, -0.0725995117759, -13.1015116488, 1.0, 0.102872076196, 10.0, 1.0, 10.0
0.999950408995, 0.0, -0.00995889306398, 0.0, 0.999942926148, 0.0, -0.0106838404522, 0.0, 0.999715276057, 0.0, 0.0238614085622, 0.0, 0.999276417696, 0.0, -0.0380347346087, 0.0, 0.999253519578, 0.0, 0.0386316400137, 0.0, 0.999310395417, 0.0, -0.037131302303, 0.0, 0.999721308998, 0.0, 0.0236072940982, 0.0, 0.999730900641, 0.0, 0.0231975495197, 0.0, 1.0, 0.0, 0.0, 0.0
13.1044239041, 1.0, 0.0528154007592, 9.35524284962, 1.0, -0.0255359165376, 5.60768602173, 1.0, 0.023298177686, 1.86513304116, 1.0, -0.0314147618437, -1.87386812007, 1.0, -0.0289065497079, -5.61307189132, 1.0, -0.0237162044401, -9.35569786352, 1.0, -0.0730235353777, -13.1014286872, 1.0, 0.105845069391, 10.0, 1.0, 10.0
0.999944043704, 0.0, -0.0105787268537, 0.0, 0.999946778791, 0.0, -0.0103169561861, 0.0, 0.999727502938, 0.0, 0.0233435187754, 0.0, 0.999279385616, 0.0, -0.0379566790304, 0.0, 0.999253748021, 0.0, 0.0386257306225, 0.0, 0.999306427331, 0.0, -0.0372379416114, 0.0, 0.999710203533, 0.0, 0.0240729921835, 0.0, 0.999720505222, 0.0, 0.0236413079025, 0.0, 1.0, 0.0, 0.0, 0.0
13.1044314023, 1.0, 0.0544585499252, 9.35527222572, 1.0, -0.024831526183, 5.60759318579, 1.0, 0.023352298776, 1.86492822995, 1.0, -0.0331567198814, -1.8740964462, 1.0, -0.0304844594019, -5.61328210358, 1.0, -0.0256819248047, -9.35579360002, 1.0, -0.0734392515297, -13.1013471782, 1.0, 0.109120494103, 10.0, 1.0, 10.0
0.999937339607, 0.0, -0.0111945012718, 0.0, 0.999950477644, 0.0, -0.00995199772643, 0.0, 0.99973994068, 0.0, 0.0228046269281, 0.0, 0.999281667565, 0.0, -0.0378965548416, 0.0, 0.999254344716, 0.0, 0.0386102909366, 0.0, 0.999303147218, 0.0, -0.0373258618036, 0.0, 0.999698012099, 0.0, 0.0245740636782, 0.0, 0.999708951075, 0.0, 0.0241249484963, 0.0, 1.0, 0.0, 0.0, 0.0
13.1043877556, 1.0, 0.0562089219751, 9.35525939467, 1.0, -0.024246217279, 5.60746116906, 1.0, 0.023111211077, 1.86467234549, 1.0, -0.0351033819636, -1.87434966663, 1.0, -0.0316281388309, -5.61344698801, 1.0, -0.0271540113063, -9.35581766839, 1.0, -0.0739466098429, -13.1012017192, 1.0, 0.112070432687, 10.0, 1.0, 10.0
0.999929891271, 0.0, -0.0118411377233, 0.0, 0.999953770123, 0.0, -0.0096154883479, 0.0, 0.999752460887, 0.0, 0.0222489764019, 0.0, 0.999285564488, 0.0, -0.0377936582687, 0.0, 0.999249955825, 0.0, 0.0387237108773, 0.0, 0.999295592871, 0.0, -0.037527564123, 0.0, 0.999686692603, 0.0, 0.0250303142706, 0.0, 0.999697649397, 0.0, 0.0245888143213, 0.0, 1.0, 0.0, 0.0, 0.0
13.1044177471, 1.0, 0.0576652770498, 9.35532456499, 1.0, -0.0238753564698, 5.60742190775, 1.0, 0.0229419160698, 1.86449321483, 1.0, -0.0363227037762, -1.87462154446, 1.0, -0.0324860093823, -5.61371263205, 1.0, -0.0289661251139, -9.35595576194, 1.0, -0.0745411230341, -13.1011678879, 1.0, 0.114870120618, 10.0, 1.0, 10.0
0.999922064223, 0.0, -0.012484609764, 0.0, 0.999957125088, 0.0, -0.00926002081272, 0.0, 0.999763433704, 0.0, 0.0217503247801, 0.0, 0.999293791479, 0.0, -0.0375755014837, 0.0, 0.999254755939, 0.0, 0.0385996468005, 0.0, 0.999290597699, 0.0, -0.0376603418852, 0.0, 0.999675117257, 0.0, 0.0254884275066, 0.0, 0.999686502149, 0.0, 0.0250379196501, 0.0, 1.0, 0.0, 0.0, 0.0
13.1044642216, 1.0, 0.0587537390769, 9.35539938471, 1.0, -0.0235078718735, 5.60738975231, 1.0, 0.0230184542322, 1.86432158469, 1.0, -0.0372574609312, -1.87489936117, 1.0, -0.0332025281169, -5.61399573559, 1.0, -0.030800623928, -9.35611333112, 1.0, -0.0752509876193, -13.1011560528, 1.0, 0.117508001492, 10.0, 1.0, 10.0
0.999914481778, 0.0, -0.0130778106587, 0.0, 0.999960753656, 0.0, -0.00885952298287, 0.0, 0.999773737129, 0.0, 0.0212714491145, 0.0, 0.999301632488, 0.0, -0.0373663927502, 0.0, 0.999260542169, 0.0, 0.0384495625873, 0.0, 0.999285014172, 0.0, -0.0378082061378, 0.0, 0.999663597371, 0.0, 0.0259363083444, 0.0, 0.999675248901, 0.0, 0.0254832637998, 0.0, 1.0, 0.0, 0.0, 0.0
13.1044578937, 1.0, 0.0595757763265, 9.35542424281, 1.0, -0.0233190058233, 5.60731315625, 1.0, 0.0229772895316, 1.86409951667, 1.0, -0.0381268054276, -1.87520003159, 1.0, -0.0332266882705, -5.61422335956, 1.0, -0.0319853497236, -9.3561885197, 1.0, -0.0761232365427, -13.1010850463, 1.0, 0.119464351874, 10.0, 1.0, 10.0
0.999906734199, 0.0, -0.0136573387881, 0.0, 0.999964310275, 0.0, -0.00844856064508, 0.0, 0.999783653078, 0.0, 0.0208001691708, 0.0, 0.999311049942, 0.0, -0.0371136829794, 0.0, 0.999261508037, 0.0, 0.0384244525615, 0.0, 0.999274177037, 0.0, -0.038093557298, 0.0, 0.999654033999, 0.0, 0.0263023251727, 0.0, 0.999665319463, 0.0, 0.0258698485114, 0.0, 1.0, 0.0, 0.0, 0.0
13.1044818678, 1.0, 0.0600491780899, 9.35547698602, 1.0, -0.0231371950579, 5.60727178336, 1.0, 0.0232278000033, 1.86392583435, 1.0, -0.0386112870571, -1.87547936346, 1.0, -0.0333423140112, -5.61448840918, 1.0, -0.0333355285857, -9.35632994646, 1.0, -0.0768817221965, -13.1010914668, 1.0, 0.121244119179, 10.0, 1.0, 10.0
0.999899287953, 0.0, -0.014192038318, 0.0, 0.99996806314, 0.0, -0.0079920397359, 0.0, 0.999792709894, 0.0, 0.0203601877075, 0.0, 0.999319986737, 0.0, -0.036872267464, 0.0, 0.999267089147, 0.0, 0.0382790353527, 0.0, 0.999267138144, 0.0, -0.0382777562818, 0.0, 0.999644891931, 0.0, 0.0266475146294, 0.0, 0.999656579251, 0.0, 0.0262054108955, 0.0, 1.0, 0.0, 0.0, 0.0
13.104512263, 1.0, 0.0603992934336, 9.35553319539, 1.0, -0.022871744165, 5.60723156736, 1.0, 0.0236228542897, 1.8637550043, 1.0, -0.0390490505951, -1.87575945943, 1.0, -0.0335412933856, -5.61476477002, 1.0, -0.0347991709535, -9.35648460189, 1.0, -0.0776742447336, -13.1011057005, 1.0, 0.123104783163, 10.0, 1.0, 10.0
0.999892033296, 0.0, -0.0146942761348, 0.0, 0.999971776042, 0.0, -0.00751312982221, 0.0, 0.999801673192, 0.0, 0.0199151772137, 0.0, 0.999328204209, 0.0, -0.0366488781894, 0.0, 0.99927315872, 0.0, 0.0381202605274, 0.0, 0.999260275043, 0.0, -0.0384565042863, 0.0, 0.999635296959, 0.0, 0.0270050564377, 0.0, 0.999647329422, 0.0, 0.026555917992, 0.0, 1.0, 0.0, 0.0, 0.0
13.1044935288, 1.0, 0.0606976116758, 9.35554623236, 1.0, -0.0227496074881, 5.60715195512, 1.0, 0.0237994521861, 1.86353513473, 1.0, -0.0395742945214, -1.87606260697, 1.0, -0.03319937676, -5.61499111257, 1.0, -0.0357068456726, -9.35656371527, 1.0, -0.0785867855733, -13.1010614215, 1.0, 0.124490909608, 10.0, 1.0, 10.0
0.999884356114, 0.0, -0.0152077085539, 0.0, 0.999975174122, 0.0, -0.00704635646116, 0.0, 0.999810556491, 0.0, 0.0194640984705, 0.0, 0.999337936048, 0.0, -0.0363825449198, 0.0, 0.999274413612, 0.0, 0.038087350913, 0.0, 0.999248627625, 0.0, -0.0387579693682, 0.0, 0.999627220719, 0.0, 0.0273023734753, 0.0, 0.999638943053, 0.0, 0.0268697512592, 0.0, 1.0, 0.0, 0.0, 0.0
13.1045022217, 1.0, 0.0608133511312, 9.35558745242, 1.0, -0.0226147641857, 5.60710773019, 1.0, 0.0241781157822, 1.86336146278, 1.0, -0.0398381043244, -1.87634468047, 1.0, -0.0330399328325, -5.615254566, 1.0, -0.0368272423676, -9.35670799627, 1.0, -0.0793608924261, -13.1010883665, 1.0, 0.125841350394, 10.0, 1.0, 10.0
0.99987679822, 0.0, -0.0156967634154, 0.0, 0.999978531876, 0.0, -0.00655254053715, 0.0, 0.999818842156, 0.0, 0.0190337297861, 0.0, 0.999347248477, 0.0, -0.0361258489314, 0.0, 0.999279971558, 0.0, 0.0379412498798, 0.0, 0.999241016843, 0.0, -0.0389536937859, 0.0, 0.999619231254, 0.0, 0.0275933417035, 0.0, 0.99963139967, 0.0, 0.0271489372419, 0.0, 1.0, 0.0, 0.0, 0.0
13.1045157579, 1.0, 0.0609213605431, 9.35563282184, 1.0, -0.0223854623856, 5.60706563915, 1.0, 0.024638277825, 1.86319030324, 1.0, -0.0401358062091, -1.87662747293, 1.0, -0.0330279880888, -5.6155299697, 1.0, -0.0380953784524, -9.35686580519, 1.0, -0.0801477123828, -13.1011196083, 1.0, 0.127366981153, 10.0, 1.0, 10.0
0.999869287021, 0.0, -0.0161681437415, 0.0, 0.9999817017, 0.0, -0.00604948471808, 0.0, 0.999827158957, 0.0, 0.0185917242719, 0.0, 0.99935591274, 0.0, -0.0358853684922, 0.0, 0.999285919467, 0.0, 0.0377842712668, 0.0, 0.999233797072, 0.0, -0.039138456662, 0.0, 0.999610548162, 0.0, 0.0279061284262, 0.0, 0.999623089724, 0.0, 0.0274532054648, 0.0, 1.0, 0.0, 0.0, 0.0
13.1045148797, 1.0, 0.0610990020064, 9.35566888807, 1.0, -0.022125503482, 5.607017902, 1.0, 0.0250639847358, 1.86301590374, 1.0, -0.0405073378888, -1.87690974443, 1.0, -0.0330767036616, -5.61580338816, 1.0, -0.0393853440329, -9.35701990415, 1.0, -0.0809108979859, -13.1011422222, 1.0, 0.128960538669, 10.0, 1.0, 10.0
0.999861490331, 0.0, -0.0166433215492, 0.0, 0.999984583942, 0.0, -0.00555264615063, 0.0, 0.999835477447, 0.0, 0.0181388543804, 0.0, 0.999364525351, 0.0, -0.0356447116627, 0.0, 0.999291738711, 0.0, 0.0376300537372, 0.0, 0.999226831887, 0.0, -0.0393158802208, 0.0, 0.999601626616, 0.0, 0.0282238917851, 0.0, 0.999614492835, 0.0, 0.0277644685505, 0.0, 1.0, 0.0, 0.0, 0.0
13.1045063975, 1.0, 0.0613474427575, 9.35570202749, 1.0, -0.0218515971358, 5.60696957051, 1.0, 0.0254394912456, 1.86284032394, 1.0, -0.0409467638506, -1.87719274159, 1.0, -0.033160586129, -5.61607811331, 1.0, -0.0406688080642, -9.35717653203, 1.0, -0.0816432276513, -13.1011659099, 1.0, 0.130586085646, 10.0, 1.0, 10.0
0.999853346796, 0.0, -0.0171255627883, 0.0, 0.999987178906, 0.0, -0.00506379546919, 0.0, 0.999843750865, 0.0, 0.0176769300617, 0.0, 0.999373230727, 0.0, -0.0353997981088, 0.0, 0.999297372334, 0.0, 0.0374801500329, 0.0, 0.999220100781, 0.0, -0.0394865824706, 0.0, 0.999592608797, 0.0, 0.0285414862729, 0.0, 0.999605782603, 0.0, 0.0280763136212, 0.0, 1.0, 0.0, 0.0, 0.0
13.1044903545, 1.0, 0.0616517039391, 9.35573214613, 1.0, -0.0215699649001, 5.60692083917, 1.0, 0.0257687964159, 1.8626639127, 1.0, -0.0414397552266, -1.87747646202, 1.0, -0.0332636897602, -5.6163539357, 1.0, -0.0419363417684, -9.35733557085, 1.0, -0.0823472148903, -13.1011914874, 1.0, 0.132223487628, 10.0, 1.0, 10.0
0.999844865692, 0.0, -0.0176137601993, 0.0, 0.999989503505, 0.0, -0.00458179872332, 0.0, 0.999851939981, 0.0, 0.0172075017618, 0.0, 0.999382070686, 0.0, -0.0351493498073, 0.0, 0.999302848969, 0.0, 0.0373338457953, 0.0, 0.999213569344, 0.0, -0.0396515174855, 0.0, 0.999583560418, 0.0, 0.0288566412271, 0.0, 0.99959702972, 0.0, 0.0283862321481, 0.0, 1.0, 0.0, 0.0, 0.0
13.1044670225, 1.0, 0.0619943373515, 9.35575922115, 1.0, -0.0212845833098, 5.6068718681, 1.0, 0.0260594979067, 1.86248702459, 1.0, -0.0419710821725, -1.87776091777, 1.0, -0.0333725227393, -5.61663082534, 1.0, -0.0431822963282, -9.35749702556, 1.0, -0.0830270823131, -13.1012196686, 1.0, 0.133856315157, 10.0, 1.0, 10.0
0.999836073046, 0.0, -0.018105994497, 0.0, 0.999991574426, 0.0, -0.00410500644845, 0.0, 0.999860010357, 0.0, 0.0167319959918, 0.0, 0.999391062921, 0.0, -0.0348927406934, 0.0, 0.999308209673, 0.0, 0.0371900804014, 0.0, 0.999207199976, 0.0, -0.0398117007484, 0.0, 0.999574531229, 0.0, 0.0291677307821, 0.0, 0.999588283377, 0.0, 0.0286925728414, 0.0, 1.0, 0.0, 0.0, 0.0
13.1044368588, 1.0, 0.0623586912693, 9.35578337741, 1.0, -0.0209987565742, 5.6068228935, 1.0, 0.0263192516266, 1.86231002214, 1.0, -0.042526527444, -1.87804613083, 1.0, -0.033474938259, -5.61690883461, 1.0, -0.0444018832339, -9.3576610316, 1.0, -0.0836869708407, -13.1012512712, 1.0, 0.135469785729, 10.0, 1.0, 10.0
0.99982699888, 0.0, -0.0186003309106, 0.0, 0.999993404992, 0.0, -0.00363180028522, 0.0, 0.999867932182, 0.0, 0.016251713546, 0.0, 0.999400218342, 0.0, -0.0346295188748, 0.0, 0.999313492591, 0.0, 0.0370478545334, 0.0, 0.999200956507, 0.0, -0.0399680937124, 0.0, 0.999565566977, 0.0, 0.029473332246, 0.0, 0.999579588089, 0.0, 0.0289939144673, 0.0, 1.0, 0.0, 0.0, 0.0
13.1044002296, 1.0, 0.0627298089435, 9.35580468, 1.0, -0.0207153902604, 5.60677409729, 1.0, 0.0265549642185, 1.86213322041, 1.0, -0.0430934320578, -1.87833208397, 1.0, -0.0335600953767, -5.6171879388, 1.0, -0.0455907351495, -9.35782763795, 1.0, -0.0843305646573, -13.1012869826, 1.0, 0.137050630761, 10.0, 1.0, 10.0
0.99981767368, 0.0, -0.0190950097292, 0.0, 0.999995004886, 0.0, -0.00316072816474, 0.0, 0.999875680241, 0.0, 0.0157678173061, 0.0, 0.999409544477, 0.0, -0.0343593132557, 0.0, 0.999318730005, 0.0, 0.0369063119324, 0.0, 0.999194805721, 0.0, -0.040121568017, 0.0, 0.999556710753, 0.0, 0.0297721680064, 0.0, 0.999570985926, 0.0, 0.0292889756469, 0.0, 1.0, 0.0, 0.0, 0.0
13.104357455, 1.0, 0.0630946870151, 9.35582317905, 1.0, -0.0204370252446, 5.60672563821, 1.0, 0.0267726070544, 1.86195689764, 1.0, -0.0436608402504, -1.87861873285, 1.0, -0.0336185254853, -5.61746806904, 1.0, -0.0467449077693, -9.35799685403, 1.0, -0.0849610204458, -13.1013274071, 1.0, 0.138587192562, 10.0, 1.0, 10.0
